intrinsic:
500.77012139437517 0.0 323.3286973148587 
0.0 119.16530048908751 260.11702956053347 
0.0 0.0 1.0 
distortion:
-0.8947692937493708 -0.4958709666172022 -0.12476314841945119 -0.08080571828875811 1.4526362730944886 
