intrinsic:
867.143335386206 0.0 635.2560083054701 
0.0 869.2918168894256 343.4833900226241 
0.0 0.0 1.0 
distortion:
-0.12368659544186959 1.2218847531602985 -0.006354167907082322 0.004163504552763503 -4.576033512686381 
