intrinsic:
452.04091670446473 0.0 329.36703114509754 
0.0 168.42973305348522 245.28204737660602 
0.0 0.0 1.0 
distortion:
-0.3596175619075623 -0.3004315454518285 -0.04360209928044562 -0.0832121686758667 0.6913596871109479 
