intrinsic:
851.6026831945334 0.0 640.9060037361476 
0.0 851.4460892771102 326.6699585751705 
0.0 0.0 1.0 
distortion:
-0.06919191036232739 1.965841090280676 -0.015048034212416895 -0.0022647245346648333 -11.653478944269802 
